version https://git-lfs.github.com/spec/v1
oid sha256:b54fed608b7388530a13093577ee0289e4f024de24a178218fa1925f221aaa5a
size 1020866
